1. СРАВНЕНИЕ ОПЕРАЦИЙ (время в секундах):
--------------------------------------------------
Размер | Матрица (доб.) | Список (доб.) | Матрица (сосед.) | Список (сосед.)
    50 |         0.0000 |        0.0000 |            0.0014 |         0.0000
   100 |         0.0010 |        0.0010 |            0.0000 |         0.0000
   200 |         0.0030 |        0.0040 |            0.0020 |         0.0000
   400 |         0.0151 |        0.0172 |            0.0104 |         0.0010
   800 |         0.0661 |        0.0692 |            0.0411 |         0.0020


2. МАСШТАБИРУЕМОСТЬ АЛГОРИТМОВ (время в секундах):
--------------------------------------------------
Размер | BFS(0.05) | DFS(0.05) | BFS(0.1) | DFS(0.1) | BFS(0.2) | DFS(0.2)
   100 |    0.0000 |    0.0000 |   0.0000 |   0.0000 |   0.0010 |   0.0000
   200 |    0.0000 |    0.0000 |   0.0000 |   0.0011 |   0.0010 |   0.0010
   400 |    0.0010 |    0.0000 |   0.0010 |   0.0010 |   0.0020 |   0.0021
   800 |    0.0010 |    0.0033 |   0.0032 |   0.0065 |   0.0070 |   0.0135
  1600 |    0.0070 |    0.0140 |   0.0156 |   0.0321 |   0.0361 |   0.0783
  3200 |    0.0397 |    0.0830 |   0.0808 |   0.1739 |   0.1598 |   0.3511


3. АЛГОРИТМ ДЕЙКСТРЫ:
------------------------------
Размер | Время (с)
    50 |     0.0000
   100 |     0.0000
   200 |     0.0000
   400 |     0.0010
   800 |     0.0022
